[1]
0000000000000000
0000000000000000
0000000000000000
0000011100000000
0000013100000000
0000012111100000
0001114243100000
0001324611100000
0001111410000000
0000001310000000
0000001110000000
0000000000000000
0000000000000000
0000000000000000
[2]
0000000000000000
0000000000000000
0001111100000000
0001622100000000
0001244101110000
0001242101310000
0001112111310000
0000112222310000
0000122212210000
0000122211110000
0000111110000000
0000000000000000
0000000000000000
0000000000000000
[3]
0000000000000000
0000000000000000
0000000000000000
0000111111100000
0000122222111000
0001141112221000
0001262422421000
0001233124211000
0001133122210000
0000111111110000
0000000000000000
0000000000000000
0000000000000000
0000000000000000
[4]
0000000000000000
0000000000000000
0000000000000000
0000111100000000
0001122100000000
0001642100000000
0001142110000000
0001124210000000
0001342210000000
0001335310000000
0001111110000000
0000000000000000
0000000000000000
0000000000000000
[5]
0000000000000000
0000000000000000
0000111110000000
0000162111000000
0000124221000000
0001112121100000
0001312122100000
0001342212100000
0001322242100000
0001111111100000
0000000000000000
0000000000000000
0000000000000000
0000000000000000
[6]
0000000000000000
0000111111100000
0111122222100000
0122231112100000
0121212222110000
0121242413210000
0121225221210000
0123142421210000
0112222121211100
0012111322226100
0012222211222100
0011111111111100
0000000000000000
0000000000000000
[7]
0000000000000000
0000000000000000
0000000000000000
0000001111111100
0000001122126100
0000001222122100
0000001424242100
0000001241122100
0000111242121100
0000133333221100
0000111111111100
0000000000000000
0000000000000000
0000000000000000
[8]
0000000000000000
0000000000000000
0000000000000000
0000001111110000
0000111222210000
0001132411211000
0001334242261000
0001332424211000
0001111112210000
0000000011110000
0000000000000000
0000000000000000
0000000000000000
0000000000000000
[9]
0000000000000000
0000000000000000
0000000000000000
0001111111110000
0001221122210000
0001222422210000
0001421112410000
0001213331210000
0011213331211000
0012422422421000
0012222212621000
0011111111111000
0000000000000000
0000000000000000
[10]
0000000000000000
0000000000000000
0000000000000000
0000000000000000
0000001111110000
0000001222210000
0000111444210000
0000162433210000
0000124333110000
0000111122100000
0000000111100000
0000000000000000
0000000000000000
0000000000000000
[11]
0000000000000000
0000000000000000
0000000000000000
0000000000000000
0001111001111100
0011221001222100
0012421111422100
0012243333242100
0011222212621100
0001111111111000
0000000000000000
0000000000000000
0000000000000000
0000000000000000
[12]
0000000000000000
0000000000000000
0000001111100000
0000111226100000
0000122432110000
0000122343210000
0000111254210000
0000001222110000
0000001111100000
0000000000000000
0000000000000000
0000000000000000
0000000000000000
0000000000000000
[13]
0000000000000000
0000000000000000
0000000000000000
0000011110000000
0000013310000000
0000112311000000
0000122431000000
0001124221100000
0001221442100000
0001226222100000
0001111111100000
0000000000000000
0000000000000000
0000000000000000
[14]
0000000000000000
0000000000000000
0000000000000000
0001111111100000
0001221222100000
0001243342100000
0001643521100000
0001243342100000
0001221222100000
0001111111100000
0000000000000000
0000000000000000
0000000000000000
0000000000000000
[15]
0000000000000000
0000000000000000
0000000000000000
0000111111110000
0000112222110000
0000124244210000
0000133333310000
0000124424210000
0000111261110000
0000001111000000
0000000000000000
0000000000000000
0000000000000000
0000000000000000
[16]
0000000000000000
0000000000000000
0000000000000000
0000001111110000
0000001222211100
0000001242222100
0000111242112100
0000133324222100
0000133341421100
0000111121242100
0000000122622100
0000000111111100
0000000000000000
0000000000000000
[17]
0000000000000000
0000000000000000
0000000000000000
0000111111000000
0000122221000000
0000124441100000
0000122133111000
0000112233421000
0000012622221000
0000011111111000
0000000000000000
0000000000000000
0000000000000000
0000000000000000
[18]
0000000000000000
0000000000000000
0000011111111000
0000012221321000
0000112243331000
0000122421531000
0001121141211000
0001222422421000
0001222122221000
0001111111621000
0000000001111000
0000000000000000
0000000000000000
0000000000000000
[19]
0000000000000000
0000000000000000
0000111111100000
0000133332100000
0001113334111000
0001224142421000
0001244221421000
0001222212221000
0001111262111000
0000001111100000
0000000000000000
0000000000000000
0000000000000000
0000000000000000
[20]
0000000000000000
0000000000000000
0000111111100000
0000133433100000
0000133133100000
0000124442100000
0000122422100000
0000124442100000
0000122162100000
0000111111100000
0000000000000000
0000000000000000
0000000000000000
0000000000000000
[21]
0000000000000000
0000011111100000
0000012333100000
0011113333100000
0012211142111000
0012424224421000
0012242422221000
0016221112221000
0011111001111000
0000000000000000
0000000000000000
0000000000000000
0000000000000000
0000000000000000
[22]
0000000000000000
0000000000000000
0011111111000000
0012222221000000
0012144221000000
0012333121000000
0011333421100000
0001211242100000
0001422422100000
0001221622100000
0001111111100000
0000000000000000
0000000000000000
0000000000000000
[23]
0000000000000000
0000000000000000
0000000000000000
0000001111100000
0000111222111100
0000122242422100
0000124222426100
0000111441111100
0000001223310000
0000001333310000
0000001111110000
0000000000000000
0000000000000000
0000000000000000
[24]
0000000000000000
0000000000000000
1111110001111100
1222211101223100
1224242101333100
1212242111223100
1224442224263100
1112242241223100
0012241421333100
0011222221223100
0001111111111100
0000000000000000
0000000000000000
0000000000000000
[25]
0000000000000000
0000000111111000
0001111132221000
0001221331121000
0001224332221000
0001221231211000
0011121141221000
0012422224421000
0012141221221000
0016221111111000
0011111000000000
0000000000000000
0000000000000000
0000000000000000
[26]
0000000000000000
0011111111111100
0012221122111100
0012422222222100
0011411121122100
0012211252121100
0012433333321000
0112111232121000
0122222411141000
0122212222461000
0111114121111000
0000012221000000
0000011111000000
0000000000000000
[27]
0000001111111110
0000001222222210
0000001212121210
0000001224241210
1111111222422210
1331221124241210
1332221124242210
1331221121111110
1331212424210000
1332222242210000
1221112621110000
1111011111100000
0000000000000000
0000000000000000
[28]
0000111100000000
1111122100000000
1224242101111111
1222422101535351
1124242111353531
1142422122535351
1164242222353511
1142422122535351
1124242111353531
1222422101535351
1224242101111111
1111122100000000
0000111100000000
0000000000000000
[29]
0000000000000000
0000000000000000
0000000000000000
0000000000000000
0000111111110000
0000133333310000
0000122421211000
0000124212421000
0000114242421000
0000012262221000
0000011111111000
0000000000000000
0000000000000000
0000000000000000
[30]
0000000000000000
0000000000000000
0000000000000000
0000011111111110
0001112223222210
0001222114112210
0001264323234110
0001124114112100
0000122223222100
0000111111111100
0000000000000000
0000000000000000
0000000000000000
0000000000000000
[31]
0000000000000000
0000000000000000
0000000111111000
0000111132261000
0000122444221000
0000131131131000
0000122242221000
0000122431211000
0000111122210000
0000000111110000
0000000000000000
0000000000000000
0000000000000000
0000000000000000
[32]
0000000000000000
0000000000000000
0000000000000000
0000011111100000
0000013233100000
0000013243100000
0000111224110000
0000124224210000
0000121411210000
0000122262210000
0000111111110000
0000000000000000
0000000000000000
0000000000000000
[33]
0000000000000000
0000111111000000
0011122221110000
0012221422211100
0012224222442100
0012442142222100
0011222422242100
1111112141111100
1336214221000000
1313322411000000
1333341210000000
1333322210000000
1111111110000000
0000000000000000
[34]
1111111111111110
1222222122222210
1242142124114210
1212242122222210
1222114141144210
1212123332122210
1242232123421210
1241643331212210
1222232123224210
1211341114321210
1212433333211210
1222222222222210
1111111111111110
0000000000000000
[35]
0000000000000000
0000000000000000
0001111111110000
0001222112210000
0001212424210000
0001225312210000
0001121363110000
0001141115111000
0001222222221000
0001222112121000
0001111112221000
0000000011111000
0000000000000000
0000000000000000
[36]
1111111100000000
1222222100000000
1244222111000000
1224244421111100
1121123332222110
0121613331114210
0121243332222210
1121243334212110
1221111121112100
1222222422242100
1111111111122100
0000000000111100
0000000000000000
0000000000000000
[37]
0111100000011110
0133100000013310
0133111111113310
0124233333343410
0142424242424210
0124242464242410
0142424242424210
0124242424242410
0143433333324210
0133111111113310
0133100000013310
0111100000011110
0000000000000000
0000000000000000
[38]
1111111100000000
1222122100000000
1333442111111100
1333122222222100
1333141111112100
1333122222212110
1111124241212210
0000124242421210
0000122124226210
0000124424111110
0000122222100000
0000111111100000
0000000000000000
0000000000000000
[39]
0000000000000000
0011111111100000
0012221222111000
0012424234221000
0012131313121000
0012434643421000
0012131313121000
0012243242421000
0011111112221000
0000000011111000
0000000000000000
0000000000000000
0000000000000000
0000000000000000
[40]
0000000000000000
0011111111100000
0012222222100000
0014442444100000
0013333333100000
0013331333100000
0014444444100000
0012226222100000
0011111111100000
0000000000000000
0000000000000000
0000000000000000
0000000000000000
0000000000000000
[41]
0000000000000000
0000000000000000
0001111111000000
0001323231000000
0001244421000000
0001346431000000
0001244421000000
0001323231000000
0001111111000000
0000000000000000
0000000000000000
0000000000000000
0000000000000000
0000000000000000
[42]
0111111111111000
0122222123331000
0122112122331000
0122122222331000
0121142122331000
0122422122331000
0124422111111000
0122442422110000
0121224442210000
0122211246110000
0122222222100000
0111111111100000
0000000000000000
0000000000000000
[43]
0000000000000000
0000000000000000
0000000000000000
0000011100000000
0000013100000000
0000012111100000
0001114243100000
0001324611100000
0001111410000000
0000001310000000
0000001110000000
0000000000000000
0000000000000000
0000000000000000